%YAML:1.0
---
camera_Matrix: !!opencv-matrix
   rows: 3
   cols: 3
   dt: d
   data: [ 1.4792802787493342e+03, 0., 4.9282285607788242e+02, 0.,
       1.4809132389436913e+03, 2.8012135730942526e+02, 0., 0., 1. ]
dist_Coeffs: !!opencv-matrix
   rows: 1
   cols: 5
   dt: d
   data: [ -2.7186326088227536e-01, 2.1914786013285346e+00,
       -6.3787639473589256e-03, -5.0060082719641632e-04,
       -1.4430812293749606e+01 ]
