%YAML:1.0
---
image_points:
   - [ 3.6929275512695312e+02, 1.2792124938964844e+02 ]
   - [ 4.0680566406250000e+02, 1.2954270935058594e+02 ]
   - [ 4.4441488647460938e+02, 1.3069128417968750e+02 ]
   - [ 4.8230090332031250e+02, 1.3224436950683594e+02 ]
   - [ 5.1978375244140625e+02, 1.3424517822265625e+02 ]
   - [ 5.5736358642578125e+02, 1.3575105285644531e+02 ]
   - [ 5.9474414062500000e+02, 1.3718843078613281e+02 ]
   - [ 6.3206402587890625e+02, 1.3856520080566406e+02 ]
   - [ 6.6920867919921875e+02, 1.4032263183593750e+02 ]
   - [ 7.0606591796875000e+02, 1.4222561645507812e+02 ]
   - [ 7.4243688964843750e+02, 1.4407318115234375e+02 ]
   - [ 7.7942095947265625e+02, 1.4506829833984375e+02 ]
   - [ 3.6826583862304688e+02, 1.6587142944335938e+02 ]
   - [ 4.0545910644531250e+02, 1.6738088989257812e+02 ]
   - [ 4.4356744384765625e+02, 1.6923875427246094e+02 ]
   - [ 4.8053930664062500e+02, 1.7033972167968750e+02 ]
   - [ 5.1787066650390625e+02, 1.7143757629394531e+02 ]
   - [ 5.5558105468750000e+02, 1.7338598632812500e+02 ]
   - [ 5.9334594726562500e+02, 1.7428822326660156e+02 ]
   - [ 6.3060021972656250e+02, 1.7619908142089844e+02 ]
   - [ 6.6684436035156250e+02, 1.7783221435546875e+02 ]
   - [ 7.0438983154296875e+02, 1.7949333190917969e+02 ]
   - [ 7.4113110351562500e+02, 1.8101715087890625e+02 ]
   - [ 7.7797155761718750e+02, 1.8251791381835938e+02 ]
   - [ 3.6657177734375000e+02, 2.0369140625000000e+02 ]
   - [ 4.0419326782226562e+02, 2.0530487060546875e+02 ]
   - [ 4.4152365112304688e+02, 2.0655935668945312e+02 ]
   - [ 4.7938784790039062e+02, 2.0833009338378906e+02 ]
   - [ 5.1705059814453125e+02, 2.0944610595703125e+02 ]
   - [ 5.5438983154296875e+02, 2.1086250305175781e+02 ]
   - [ 5.9134503173828125e+02, 2.1244888305664062e+02 ]
   - [ 6.2903442382812500e+02, 2.1418592834472656e+02 ]
   - [ 6.6594274902343750e+02, 2.1573892211914062e+02 ]
   - [ 7.0251977539062500e+02, 2.1711026000976562e+02 ]
   - [ 7.3961224365234375e+02, 2.1849981689453125e+02 ]
   - [ 7.7639837646484375e+02, 2.2016682434082031e+02 ]
   - [ 3.6592355346679688e+02, 2.4152812194824219e+02 ]
   - [ 4.0289071655273438e+02, 2.4265640258789062e+02 ]
   - [ 4.4043841552734375e+02, 2.4433427429199219e+02 ]
   - [ 4.7775918579101562e+02, 2.4577523803710938e+02 ]
   - [ 5.1504064941406250e+02, 2.4728463745117188e+02 ]
   - [ 5.5292291259765625e+02, 2.4882701110839844e+02 ]
   - [ 5.8987066650390625e+02, 2.5029922485351562e+02 ]
   - [ 6.2772259521484375e+02, 2.5149536132812500e+02 ]
   - [ 6.6455426025390625e+02, 2.5322003173828125e+02 ]
   - [ 7.0127368164062500e+02, 2.5408261108398438e+02 ]
   - [ 7.3823333740234375e+02, 2.5584919738769531e+02 ]
   - [ 7.7474932861328125e+02, 2.5746362304687500e+02 ]
   - [ 3.6413543701171875e+02, 2.7808963012695312e+02 ]
   - [ 4.0093576049804688e+02, 2.8042172241210938e+02 ]
   - [ 4.3862139892578125e+02, 2.8166836547851562e+02 ]
   - [ 4.7633135986328125e+02, 2.8293762207031250e+02 ]
   - [ 5.1384759521484375e+02, 2.8421740722656250e+02 ]
   - [ 5.5080090332031250e+02, 2.8558618164062500e+02 ]
   - [ 5.8839703369140625e+02, 2.8715805053710938e+02 ]
   - [ 6.2574328613281250e+02, 2.8893368530273438e+02 ]
   - [ 6.6246856689453125e+02, 2.8999868774414062e+02 ]
   - [ 7.0007025146484375e+02, 2.9157571411132812e+02 ]
   - [ 7.3655480957031250e+02, 2.9289373779296875e+02 ]
   - [ 7.7313452148437500e+02, 2.9409640502929688e+02 ]
   - [ 3.6272921752929688e+02, 3.1605630493164062e+02 ]
   - [ 4.0034732055664062e+02, 3.1737771606445312e+02 ]
   - [ 4.3759878540039062e+02, 3.1885122680664062e+02 ]
   - [ 4.7439041137695312e+02, 3.2074929809570312e+02 ]
   - [ 5.1222589111328125e+02, 3.2154531860351562e+02 ]
   - [ 5.4912109375000000e+02, 3.2296203613281250e+02 ]
   - [ 5.8640087890625000e+02, 3.2442419433593750e+02 ]
   - [ 6.2401989746093750e+02, 3.2638571166992188e+02 ]
   - [ 6.6082000732421875e+02, 3.2695767211914062e+02 ]
   - [ 6.9802911376953125e+02, 3.2892666625976562e+02 ]
   - [ 7.3466680908203125e+02, 3.3024942016601562e+02 ]
   - [ 7.7069799804687500e+02, 3.3087109375000000e+02 ]
   - [ 3.6165603637695312e+02, 3.5346151733398438e+02 ]
   - [ 3.9908071899414062e+02, 3.5458410644531250e+02 ]
   - [ 4.3604327392578125e+02, 3.5626693725585938e+02 ]
   - [ 4.7330596923828125e+02, 3.5764895629882812e+02 ]
   - [ 5.1041964721679688e+02, 3.5903814697265625e+02 ]
   - [ 5.4759716796875000e+02, 3.6093560791015625e+02 ]
   - [ 5.8482128906250000e+02, 3.6211944580078125e+02 ]
   - [ 6.2194238281250000e+02, 3.6356304931640625e+02 ]
   - [ 6.5883502197265625e+02, 3.6449478149414062e+02 ]
   - [ 6.9561083984375000e+02, 3.6567828369140625e+02 ]
   - [ 7.3267443847656250e+02, 3.6642285156250000e+02 ]
   - [ 7.6866925048828125e+02, 3.6786761474609375e+02 ]
   - [ 3.6028353881835938e+02, 3.9010281372070312e+02 ]
   - [ 3.9680407714843750e+02, 3.9190634155273438e+02 ]
   - [ 4.3461096191406250e+02, 3.9309774780273438e+02 ]
   - [ 4.7209973144531250e+02, 3.9406762695312500e+02 ]
   - [ 5.0900918579101562e+02, 3.9568362426757812e+02 ]
   - [ 5.4638043212890625e+02, 3.9728829956054688e+02 ]
   - [ 5.8312030029296875e+02, 3.9834692382812500e+02 ]
   - [ 6.1994848632812500e+02, 3.9983660888671875e+02 ]
   - [ 6.5724920654296875e+02, 4.0141439819335938e+02 ]
   - [ 6.9397363281250000e+02, 4.0218731689453125e+02 ]
   - [ 7.2961633300781250e+02, 4.0319256591796875e+02 ]
   - [ 7.6643774414062500e+02, 4.0383843994140625e+02 ]
object_points:
   - [ 0., 0., 0. ]
   - [ 20., 0., 0. ]
   - [ 40., 0., 0. ]
   - [ 60., 0., 0. ]
   - [ 80., 0., 0. ]
   - [ 100., 0., 0. ]
   - [ 120., 0., 0. ]
   - [ 140., 0., 0. ]
   - [ 160., 0., 0. ]
   - [ 180., 0., 0. ]
   - [ 200., 0., 0. ]
   - [ 220., 0., 0. ]
   - [ 0., 20., 0. ]
   - [ 20., 20., 0. ]
   - [ 40., 20., 0. ]
   - [ 60., 20., 0. ]
   - [ 80., 20., 0. ]
   - [ 100., 20., 0. ]
   - [ 120., 20., 0. ]
   - [ 140., 20., 0. ]
   - [ 160., 20., 0. ]
   - [ 180., 20., 0. ]
   - [ 200., 20., 0. ]
   - [ 220., 20., 0. ]
   - [ 0., 40., 0. ]
   - [ 20., 40., 0. ]
   - [ 40., 40., 0. ]
   - [ 60., 40., 0. ]
   - [ 80., 40., 0. ]
   - [ 100., 40., 0. ]
   - [ 120., 40., 0. ]
   - [ 140., 40., 0. ]
   - [ 160., 40., 0. ]
   - [ 180., 40., 0. ]
   - [ 200., 40., 0. ]
   - [ 220., 40., 0. ]
   - [ 0., 60., 0. ]
   - [ 20., 60., 0. ]
   - [ 40., 60., 0. ]
   - [ 60., 60., 0. ]
   - [ 80., 60., 0. ]
   - [ 100., 60., 0. ]
   - [ 120., 60., 0. ]
   - [ 140., 60., 0. ]
   - [ 160., 60., 0. ]
   - [ 180., 60., 0. ]
   - [ 200., 60., 0. ]
   - [ 220., 60., 0. ]
   - [ 0., 80., 0. ]
   - [ 20., 80., 0. ]
   - [ 40., 80., 0. ]
   - [ 60., 80., 0. ]
   - [ 80., 80., 0. ]
   - [ 100., 80., 0. ]
   - [ 120., 80., 0. ]
   - [ 140., 80., 0. ]
   - [ 160., 80., 0. ]
   - [ 180., 80., 0. ]
   - [ 200., 80., 0. ]
   - [ 220., 80., 0. ]
   - [ 0., 100., 0. ]
   - [ 20., 100., 0. ]
   - [ 40., 100., 0. ]
   - [ 60., 100., 0. ]
   - [ 80., 100., 0. ]
   - [ 100., 100., 0. ]
   - [ 120., 100., 0. ]
   - [ 140., 100., 0. ]
   - [ 160., 100., 0. ]
   - [ 180., 100., 0. ]
   - [ 200., 100., 0. ]
   - [ 220., 100., 0. ]
   - [ 0., 120., 0. ]
   - [ 20., 120., 0. ]
   - [ 40., 120., 0. ]
   - [ 60., 120., 0. ]
   - [ 80., 120., 0. ]
   - [ 100., 120., 0. ]
   - [ 120., 120., 0. ]
   - [ 140., 120., 0. ]
   - [ 160., 120., 0. ]
   - [ 180., 120., 0. ]
   - [ 200., 120., 0. ]
   - [ 220., 120., 0. ]
   - [ 0., 140., 0. ]
   - [ 20., 140., 0. ]
   - [ 40., 140., 0. ]
   - [ 60., 140., 0. ]
   - [ 80., 140., 0. ]
   - [ 100., 140., 0. ]
   - [ 120., 140., 0. ]
   - [ 140., 140., 0. ]
   - [ 160., 140., 0. ]
   - [ 180., 140., 0. ]
   - [ 200., 140., 0. ]
   - [ 220., 140., 0. ]
